1.898667723702818577e+01
1.958315092818811820e+01
1.623340293191674633e+01
1.403120927795150941e+01
1.476877975796437070e+01
1.601138758219929059e+01
1.500797491239436532e+01
1.411127456610086028e+01
1.332090321575649838e+01
1.041815022875049657e+01
1.087860304876925177e+01
9.963933261420725884e+00
8.510642647947834760e+00
9.183015882247051564e+00
8.012404291558661740e+00
8.321638576815866273e+00
7.263820410156609064e+00
7.162756573301815699e+00
5.177007729476653886e+00
5.541348780646265126e+00
4.324295465756119228e+00
4.702848817768710887e+00
3.102513159120897424e+00
4.431678790615618979e+00
4.307072821381883188e+00
3.886348434000459040e+00
3.515547351863625991e+00
1.340682298686479923e+00
1.941442274317839889e+00
-3.391102298550485727e-01
2.245992883757261804e+00
2.158839887630016108e+00
1.041899343598081895e+00
-1.098796199942458918e-01
1.507256409335224534e+00
1.881571472916100385e-01
8.329291724225523774e-01
1.119800113713697254e+00
-9.759283003895828923e-01
1.953632723806542515e+00
-1.861967175888892712e+00
4.759972771994750440e-01
-1.000922397704892219e+00
-8.835100000183950808e-01
-1.138323325436985112e+00
-1.426952237019467606e+00
-2.513331043923510588e+00
-6.635893493533003840e-01
-1.331814042786421126e+00
1.239784826631976422e+00
-2.128338840218576555e-01
-7.138640717339217456e-02
2.767065576830393669e-02
-8.646592350727949627e-02
-2.829234764240185496e-01
1.113338122846625478e+00
1.772977104614065436e+00
2.028569464148108903e+00
6.985258979849275907e-01
1.250211655722886395e+00
1.734227556582070395e+00
4.019370822539816146e+00
3.010391805255203224e+00
4.698213409065212787e-01
3.171460549095059811e+00
2.783549720410923189e+00
7.277577232787355577e-01
1.867021546743485194e+00
4.186676749953575971e+00
3.748227789807511368e+00
3.580376668837117471e+00
5.843327732298589261e+00
4.708935084806492810e+00
6.605012266944997101e+00
8.152228199279027976e+00
8.455005393545556913e+00
6.595523881417928891e+00
8.574542114545051774e+00
1.014144943052072811e+01
1.015909740471930789e+01
9.066989071064016414e+00
1.127362344761844959e+01
1.024981129331968788e+01
1.327790916699116508e+01
1.253249081011048638e+01
1.388552327571052558e+01
1.426896939615281212e+01
1.454359564307987895e+01
1.624056123736202650e+01
1.645082611628791369e+01
1.919096845122310313e+01
1.841879542690373839e+01
1.749328102218945347e+01
1.883574444094172051e+01
2.029178878937347363e+01
2.092627058947213570e+01
2.317985852046270523e+01
2.410172287922852874e+01
2.323819936396835217e+01
2.453244729764319132e+01
